<?xml version="1.0"?>
<opencv_storage>
<vocabulary>
  <_>
    5.70125412e-03 -4.02103066e-02 5.68176992e-02 2.34526470e-01
    -1.22843767e-02 -1.76474508e-02 4.18521017e-02 1.08092874e-01
    1.61792357e-02 5.82441092e-02 5.59213534e-02 1.03085332e-01
    1.13777351e-02 3.38407494e-02 4.83768471e-02 6.09040782e-02
    1.01697783e-03 -1.00098439e-01 9.29312184e-02 3.94315809e-01
    -4.32353379e-04 -1.40476767e-02 4.89332192e-02 1.47727937e-01
    1.61760785e-02 1.15635902e-01 7.46164098e-02 1.91426232e-01
    8.79990961e-03 3.29272896e-02 7.06327334e-02 8.32925662e-02
    -5.21707162e-03 -9.73807573e-02 9.93612334e-02 3.90512973e-01
    5.69422264e-03 -9.29389056e-03 5.70755377e-02 1.44590184e-01
    -1.24062123e-02 1.27879605e-01 8.28452185e-02 1.99943259e-01
    3.59979342e-03 3.46291997e-02 6.98063970e-02 8.48090202e-02
    -2.11445545e-03 -3.23739424e-02 6.61930442e-02 2.31198400e-01
    1.29728299e-02 -2.34943721e-02 5.00153527e-02 1.04118958e-01
    -2.55911537e-02 6.47221878e-02 6.66988418e-02 1.09272890e-01
    -1.15831122e-02 4.23090830e-02 5.70826046e-02 7.59375244e-02</_>
  <_>
    -1.65022817e-02 -2.01321524e-02 3.58421132e-02 5.61251938e-02
    1.65586150e-03 1.04746958e-02 1.32168494e-02 1.79775301e-02
    -1.65570572e-01 1.21030279e-01 2.03329369e-01 1.33612111e-01
    -2.36206204e-01 1.47548974e-01 7.26546407e-01 4.41861361e-01
    -9.64705739e-03 1.28728217e-02 1.84612181e-02 2.07907315e-02
    3.39292944e-03 2.28001252e-02 1.83058511e-02 2.87082475e-02
    4.41561034e-03 1.91573333e-02 2.60822363e-02 3.30690108e-02
    -8.57563876e-03 3.12126540e-02 2.83099655e-02 3.36841755e-02
    5.38631715e-03 1.49780503e-02 2.58784425e-02 2.32767463e-02
    1.87033340e-02 2.95716450e-02 3.80051285e-02 4.31595258e-02
    1.27995377e-02 1.99314393e-02 2.83189043e-02 3.14450674e-02
    4.88274870e-03 2.20469385e-02 1.46004381e-02 2.38996446e-02
    1.85119305e-02 2.37297602e-02 4.44150344e-02 3.42405699e-02
    9.53040123e-02 2.22551357e-02 1.23843342e-01 4.67987880e-02
    1.07611857e-01 -1.09750573e-02 1.58779860e-01 5.35715334e-02
    2.16026846e-02 6.39818562e-03 4.95087579e-02 3.06506120e-02</_>
  <_>
    -1.62726697e-02 -4.81676683e-03 4.87755202e-02 4.15975824e-02
    -4.82563786e-02 1.23552345e-02 9.76019502e-02 7.92489350e-02
    -6.53390288e-02 3.86043936e-02 1.20209090e-01 7.73238689e-02
    -7.37694800e-02 2.71173529e-02 1.25525221e-01 4.72320318e-02
    -1.91841833e-02 -2.74671428e-02 5.88293001e-02 4.18778658e-02
    -2.30254643e-02 4.55328487e-02 4.86674272e-02 7.98028633e-02
    2.50636041e-03 6.57426566e-02 4.83424328e-02 1.08773790e-01
    1.01857819e-04 2.97601847e-03 2.64789127e-02 1.79154184e-02
    1.20203604e-03 -2.21640673e-02 6.90601841e-02 5.73272221e-02
    1.52159575e-03 4.49373871e-02 3.44700031e-02 6.70411587e-02
    6.53547188e-03 6.96378276e-02 4.00424674e-02 1.14167079e-01
    4.17760983e-02 1.55859990e-02 6.10518083e-02 2.97849849e-02
    1.15228981e-01 2.39719190e-02 1.52314603e-01 9.91631299e-02
    2.44530499e-01 6.81072474e-02 4.07006443e-01 1.26066208e-01
    1.22051321e-01 2.31635123e-02 4.70904529e-01 1.49329409e-01
    -7.29634985e-03 -1.80098750e-02 2.93198794e-01 7.89607987e-02</_>
  <_>
    -4.31630723e-02 4.13173772e-02 7.27390945e-02 4.61366251e-02
    -9.01937857e-02 3.73638533e-02 1.63815707e-01 7.45391399e-02
    -6.25569969e-02 -6.98443642e-03 8.44367072e-02 3.72584872e-02
    -1.29259592e-02 -6.66664960e-03 2.06777640e-02 1.12300264e-02
    1.82653945e-02 5.28609566e-03 1.21502295e-01 7.36050457e-02
    -7.93904997e-04 7.48954415e-02 8.08843374e-02 1.32885620e-01
    1.39423227e-02 2.08680332e-02 2.50730161e-02 2.89188977e-02
    9.61002335e-03 3.21698771e-03 1.52343819e-02 8.49235896e-03
    4.91093751e-03 9.21596680e-03 4.02465686e-02 2.81782541e-02
    5.11388527e-03 7.42785037e-02 3.58441174e-02 8.90234187e-02
    1.55697288e-02 3.11200507e-02 2.50318293e-02 3.73128317e-02
    1.38987720e-01 7.35791400e-02 1.40624642e-01 7.70489946e-02
    4.41616168e-03 1.59917586e-03 8.56929645e-03 8.64290167e-03
    1.16614118e-01 9.94203240e-02 1.22595273e-01 1.06626794e-01
    3.43457937e-01 1.83810353e-01 4.22875762e-01 2.26064086e-01
    1.24859829e-02 3.36352270e-03 4.76639211e-01 2.31559426e-01</_>
  <_>
    -7.06952810e-02 -4.85865176e-02 2.18706399e-01 1.86839908e-01
    -3.83096673e-02 -1.86074898e-02 5.24932519e-02 4.21827585e-02
    -1.44341690e-02 2.46849041e-02 3.59284505e-02 4.35472652e-02
    -8.50290712e-03 1.81560051e-02 5.55518717e-02 8.43967050e-02
    -1.79425776e-02 -1.51034584e-02 3.24472077e-02 2.83749737e-02
    -3.97564191e-03 1.85971893e-02 2.94165574e-02 3.89633700e-02
    1.45809222e-02 4.76889089e-02 6.86803982e-02 1.04857311e-01
    -2.44738488e-03 3.15312669e-02 9.66752321e-02 1.41395599e-01
    9.42416638e-02 -1.20001182e-01 1.78605556e-01 2.17428431e-01
    -2.75182165e-02 6.43574726e-03 3.75081375e-02 3.81836444e-02
    -4.73376289e-02 4.16386425e-02 7.29294121e-02 1.18210435e-01
    -1.79965086e-02 6.80066496e-02 6.12242892e-02 1.25078738e-01
    3.32403257e-02 -3.83191742e-02 4.48788732e-01 5.29634774e-01
    7.29986057e-02 -1.06472731e-01 1.22644648e-01 1.52434498e-01
    -2.71045547e-02 9.37785488e-03 4.28766459e-02 7.45478496e-02
    -4.62090671e-02 3.99913862e-02 5.72035015e-02 7.66094029e-02</_>
  <_>
    -2.86876783e-03 4.77672229e-03 7.43986443e-02 9.38779041e-02
    7.86087569e-03 6.93590194e-02 1.16746955e-01 1.53325319e-01
    2.66256090e-02 1.87378470e-02 1.18245371e-01 1.16103314e-01
    1.08282724e-02 -1.84986796e-02 8.07220936e-02 7.12292194e-02
    1.00668694e-03 -5.49135963e-04 8.96309167e-02 1.59610361e-01
    2.38587940e-03 1.41130611e-01 1.44377366e-01 2.92885363e-01
    9.69960820e-03 2.96538528e-02 1.64242327e-01 2.19790608e-01
    5.66720730e-03 -3.29626352e-02 1.24793209e-01 1.33178189e-01
    8.34581442e-03 2.17744475e-03 9.42188948e-02 1.60089642e-01
    1.26404110e-02 1.41580909e-01 1.47985831e-01 2.91428298e-01
    -1.73839356e-03 2.39348970e-02 1.62909970e-01 2.10646525e-01
    -3.20036872e-03 -3.12224273e-02 1.30287781e-01 1.32613510e-01
    -8.16438580e-04 1.05265304e-02 6.96535334e-02 8.98343399e-02
    -9.56503395e-03 6.65699318e-02 1.18090808e-01 1.55512989e-01
    -3.58949564e-02 1.10662272e-02 1.24161564e-01 1.12190522e-01
    -1.34969242e-02 -1.48636606e-02 8.88044685e-02 7.17935339e-02</_>
  <_>
    -8.42854194e-03 -1.19283814e-02 3.46785299e-02 8.06236565e-02
    -1.50760822e-02 1.17961003e-03 4.20961231e-02 7.34123737e-02
    -1.01753250e-02 4.13235500e-02 2.78111938e-02 5.03650941e-02
    -8.69784877e-03 1.25294119e-01 1.12759791e-01 4.29100752e-01
    -1.22221075e-02 -5.95134906e-02 4.78140637e-02 1.17121175e-01
    -9.23092570e-03 2.63282284e-02 4.63956222e-02 9.35063511e-02
    -3.42905219e-03 2.82338560e-02 2.43109241e-02 3.74974310e-02
    -4.83906083e-02 2.72445321e-01 1.20341688e-01 4.69285369e-01
    7.95709621e-03 -7.45421350e-02 6.37773350e-02 1.26636282e-01
    3.20516760e-03 3.61371599e-02 4.60735485e-02 8.74519199e-02
    2.51410762e-03 2.69896369e-02 2.56470572e-02 4.14541177e-02
    -4.03122306e-02 2.40653455e-01 5.89618459e-02 2.59808362e-01
    2.33694185e-02 -4.64966297e-02 4.31888141e-02 8.91413614e-02
    8.28608498e-03 1.96492067e-03 3.55253927e-02 6.54043332e-02
    -1.14598603e-03 1.51245845e-02 2.46432461e-02 2.75383443e-02
    2.22690534e-02 9.23270956e-02 5.14278449e-02 9.64826569e-02</_>
  <_>
    -2.45622061e-02 -2.68026330e-02 4.26370353e-02 5.54669537e-02
    -1.16003091e-02 -1.51013280e-03 3.81311066e-02 3.87436636e-02
    -1.18645811e-02 3.98680232e-02 3.52050513e-02 4.25528660e-02
    3.34451231e-03 4.52171499e-03 4.08036001e-02 3.66909206e-01
    -4.47852677e-03 -3.41449939e-02 2.82347221e-02 7.27598667e-02
    2.98670586e-03 1.16431210e-02 1.69018041e-02 4.21028957e-02
    7.18615483e-04 4.01614457e-02 1.09817367e-02 4.55715470e-02
    8.10417114e-05 1.42176272e-02 5.31686470e-02 5.88388801e-01
    -1.10610723e-02 -2.90235132e-02 2.44443696e-02 6.18633293e-02
