<?xml version="1.0"?>
<opencv_storage>
<vocabulary>
  <_>
    -1.75799744e-03 -4.21410613e-02 6.72387481e-02 2.19152465e-01
    -1.55267576e-02 -1.59243643e-02 5.71282841e-02 1.12398811e-01
    2.15450712e-02 4.44356613e-02 6.29851744e-02 1.01376876e-01
    1.34309828e-02 2.72069219e-02 5.15363030e-02 6.80429116e-02
    1.51801016e-03 -1.05561450e-01 1.10268101e-01 3.65549386e-01
    -5.91876172e-03 -6.51342515e-03 6.25984967e-02 1.46849319e-01
    1.92842912e-02 1.10063642e-01 7.77148083e-02 1.80182531e-01
    1.08200070e-02 2.00591404e-02 7.55047947e-02 9.35028568e-02
    5.31918462e-03 -1.14638247e-01 1.19336516e-01 3.67490619e-01
    8.73501785e-03 -1.04439780e-02 7.22956434e-02 1.51015565e-01
    -9.43327136e-03 1.28175661e-01 8.32999796e-02 1.92310020e-01
    5.35301305e-03 1.70968790e-02 7.18329698e-02 8.44870582e-02
    -1.13389490e-03 -3.96916680e-02 7.95169175e-02 2.12494209e-01
    2.82795317e-02 -2.19546538e-02 8.11026841e-02 1.14283808e-01
    -7.77326012e-03 6.08854331e-02 7.89116994e-02 1.18478194e-01
    -1.18878540e-02 2.19417755e-02 5.81572987e-02 6.88486472e-02</_>
  <_>
    2.13558413e-02 4.57067415e-02 4.99715284e-02 6.29228204e-02
    2.97621284e-02 4.65680063e-02 6.79580495e-02 7.31359646e-02
    3.59525494e-02 1.10541862e-02 7.93896988e-02 8.82531404e-02
    1.40844118e-02 -4.46411707e-02 6.58103749e-02 1.01982407e-01
    1.00526689e-02 6.18826598e-02 5.54000475e-02 9.49572474e-02
    -9.42154220e-05 6.12061359e-02 6.67927936e-02 9.87629369e-02
    2.87525337e-02 5.25163487e-02 9.27480459e-02 1.54018775e-01
    -3.37417088e-02 -1.57774895e-01 1.19801246e-01 2.23350406e-01
    -1.08283982e-02 6.18234985e-02 6.97333440e-02 9.51441750e-02
    -1.58746094e-02 5.27720675e-02 8.26981366e-02 1.01370111e-01
    -8.43649879e-02 1.88983604e-02 1.84935987e-01 2.05562606e-01
    -8.76335129e-02 -2.00486124e-01 2.04790682e-01 2.67630279e-01
    -2.76734531e-02 3.10197230e-02 6.69520348e-02 6.07248284e-02
    -8.62230211e-02 -3.95758310e-03 1.17326133e-01 7.57088959e-02
    -1.66273594e-01 -6.37734830e-02 2.01868832e-01 1.45113960e-01
    -8.21838453e-02 -6.86215162e-02 1.56356573e-01 1.41695604e-01</_>
  <_>
    -1.47382291e-02 9.42657888e-03 4.29313667e-02 3.49820144e-02
    -4.40460704e-02 1.70732532e-02 8.73223022e-02 8.82523209e-02
    -4.66295667e-02 2.21785679e-02 8.43871757e-02 1.02875210e-01
    -3.27467509e-02 1.03113921e-02 6.64993748e-02 3.99849527e-02
    -1.60176344e-02 -1.15632415e-02 6.90637752e-02 5.20472862e-02
    -1.48292752e-02 4.56101298e-02 5.01903631e-02 1.06847078e-01
    4.26495494e-03 3.93031389e-02 4.11766358e-02 1.65252000e-01
    -2.34124111e-03 -7.06071919e-03 2.40427144e-02 2.80866325e-02
    -4.78293607e-03 -1.94408419e-03 5.20240553e-02 3.94930467e-02
    7.26632017e-04 5.27213402e-02 3.61283980e-02 1.00211345e-01
    7.39789335e-03 3.77983339e-02 3.70977558e-02 1.67289093e-01
    1.95231624e-02 -5.17823873e-03 3.56197432e-02 3.20362747e-02
    1.44300669e-01 1.70263313e-02 2.20771983e-01 6.36489615e-02
    2.20982254e-01 2.63259169e-02 3.89748305e-01 1.12324201e-01
    1.47892073e-01 2.78296173e-02 3.80575329e-01 1.63700685e-01
    1.89802591e-02 -1.14397192e-02 2.52158195e-01 7.59653002e-02</_>
  <_>
    4.65128152e-03 9.50091518e-03 2.08754968e-02 6.76488057e-02
    -1.00305770e-04 -1.32982843e-02 1.44105079e-02 5.45408912e-02
    -1.16349729e-02 2.52368171e-02 1.60563327e-02 3.16209309e-02
    1.13618409e-03 -1.08566498e-02 1.89941779e-01 5.87091684e-01
    -1.99921913e-02 -3.81288305e-03 4.34148982e-02 8.77856910e-02
    -1.72378588e-02 -9.21742525e-03 3.23591903e-02 6.82081357e-02
    -2.96512153e-03 3.52838356e-03 1.33281052e-02 1.27045708e-02
    -6.35170639e-02 1.75327316e-01 1.85482413e-01 5.83868742e-01
    -1.89308301e-02 3.99120525e-03 5.28210998e-02 6.83117956e-02
    3.31791304e-03 1.32605424e-02 3.34965438e-02 4.34069112e-02
    -2.75460747e-03 8.44660564e-04 9.95832495e-03 9.06153210e-03
    -4.88348603e-02 1.67092189e-01 6.28547370e-02 2.13212192e-01
    9.25990939e-03 1.41199138e-02 1.98441260e-02 2.32028477e-02
    1.53935712e-03 3.30129347e-04 1.26603628e-02 9.81961749e-03
    1.20912595e-02 6.66123210e-03 2.01778784e-02 1.02697210e-02
    1.13368034e-01 6.30922914e-02 1.51598170e-01 7.45611042e-02</_>
  <_>
    2.61407392e-03 2.51142913e-03 3.79850835e-01 4.42069381e-01
    -7.63418078e-02 -5.79971597e-02 1.89282984e-01 1.69581592e-01
    -4.44154814e-02 2.89931111e-02 1.58739179e-01 1.17668718e-01
    1.47046745e-02 4.42925356e-02 1.97655290e-01 1.84549674e-01
    -6.62282407e-02 -9.20661986e-02 2.26688430e-01 2.72487462e-01
    -1.28169283e-02 4.90012928e-04 6.47643730e-02 4.61615473e-02
    -1.19428581e-03 2.61939913e-02 5.84761724e-02 6.89387545e-02
    -3.97268161e-02 8.38486552e-02 1.24036245e-01 1.35488108e-01
    -2.15521883e-02 -2.07395442e-02 4.35231142e-02 4.32308093e-02
    -8.39248672e-03 1.41681340e-02 3.01833060e-02 3.10555156e-02
    -1.49802398e-02 1.68629270e-02 4.09009978e-02 6.80769086e-02
    -2.11903602e-02 4.27326672e-02 4.28585112e-02 7.89244622e-02
    2.84545459e-02 -1.26140770e-02 6.98267743e-02 4.22126949e-02
    1.10968566e-02 6.27916818e-03 2.90866178e-02 2.88687423e-02
    -3.24331131e-03 -1.30774034e-03 3.31920758e-02 4.94222306e-02
    -3.68234841e-03 2.98796259e-02 2.88530141e-02 4.90681827e-02</_>
  <_>
    2.06416240e-03 1.34098635e-03 8.34167749e-02 8.87266621e-02
    1.38070981e-03 3.05806585e-02 1.32749870e-01 1.40978798e-01
    2.32918132e-02 2.32440270e-02 1.38082713e-01 1.37269035e-01
    1.87914427e-02 -1.43755730e-02 9.26740989e-02 8.72413591e-02
    8.53720303e-06 -8.98118480e-04 1.11558735e-01 1.48084059e-01
    2.94721976e-05 5.99650107e-02 1.72984421e-01 2.62901664e-01
    2.17735954e-02 5.82316816e-02 1.80555895e-01 2.46868953e-01
    1.88782569e-02 -1.94382183e-02 1.30836353e-01 1.41465694e-01
    -5.92920289e-04 -4.28117375e-04 1.16316870e-01 1.54829383e-01
    5.33948885e-03 7.28101060e-02 1.79259181e-01 2.57262588e-01
    -1.26951514e-02 5.92527762e-02 1.88514218e-01 2.38700718e-01
    -4.68961056e-03 -1.41817210e-02 1.33346781e-01 1.39191985e-01
    -8.06307979e-03 7.62321986e-03 8.78276005e-02 9.90813598e-02
    -9.59493872e-03 3.82029004e-02 1.34076238e-01 1.45400777e-01
    -2.63942555e-02 2.48733424e-02 1.35585561e-01 1.31609678e-01
    -2.07197070e-02 -5.91111230e-03 8.99984315e-02 8.13724995e-02</_>
  <_>
    -1.05117656e-01 -4.95396443e-02 2.07255557e-01 1.51594579e-01
    -6.49511665e-02 -2.28624847e-02 9.48563144e-02 6.99527264e-02
    -5.55406976e-03 2.04842817e-02 4.84946929e-02 5.64252548e-02
    -4.85656410e-03 1.19860321e-02 5.02082594e-02 6.75697103e-02
    -3.10209882e-03 -3.51378955e-02 5.51027730e-02 7.41207674e-02
    -5.17852604e-03 3.09237633e-02 4.98602279e-02 6.34834021e-02
    -3.75965540e-03 3.80050018e-02 8.31849948e-02 1.11350469e-01
    -7.09460396e-03 2.22436655e-02 8.20884034e-02 1.13314383e-01
    5.81501387e-02 -1.09336875e-01 2.00004220e-01 2.42496565e-01
    -1.76794566e-02 2.05048919e-02 5.28892167e-02 5.74446805e-02
    -2.93988269e-02 3.61705609e-02 8.00187439e-02 1.19661286e-01
    -8.05631373e-03 4.57995981e-02 6.31595924e-02 1.00431360e-01
    1.07670106e-01 -8.50257203e-02 4.10320848e-01 4.62902278e-01
    6.11738041e-02 -9.01391879e-02 1.16439991e-01 1.52645826e-01
    -1.31863253e-02 4.42230608e-03 4.78197299e-02 7.74085000e-02
    -3.33879441e-02 2.86711510e-02 5.01399823e-02 6.54686093e-02</_>
  <_>
    2.40830071e-02 1.39383808e-01 7.38377273e-02 1.87321723e-01
    4.28285636e-02 7.18695521e-02 1.02176197e-01 1.55058011e-01
    3.26284505e-02 3.90533730e-02 7.98109323e-02 7.92606473e-02
    1.45813078e-02 9.49922204e-03 5.05954251e-02 4.66575734e-02
    -1.89040904e-03 2.29670897e-01 7.71753117e-02 2.97483683e-01
    3.58754513e-03 1.09873533e-01 7.81761482e-02 2.11607695e-01
    9.42569040e-03 5.76904900e-02 7.02782422e-02 1.11858398e-01
    5.04753552e-03 1.14294486e-02 5.19851036e-02 6.44150525e-02
    -2.17804201e-02 2.47682914e-01 8.52227211e-02 3.10724765e-01
